Ag5Hg1O6Sb1   [HEX,HEX,hP26] (STD_PRIM d
1.000000
   3.02674683153050  -5.24247929385894  -0.00033213672743
   3.02739815086464   5.24285533325184   0.00016606836372
  -0.00034462507297   0.00059690813595  12.56351784402533
10 2 12 2 
Direct(26) [A10B2C12D2] 
   0.00000457977884   0.00000388497318   0.12767817501574  Ag    
   0.99999930519434   0.00000388497318   0.37232182498426  Ag    
  -0.00000457977884  -0.00000388497318   0.87232182498426  Ag    
   0.00000069480566  -0.00000388497318   0.62767817501574  Ag    
   0.00000000000000   0.50000000000000  -0.00000000000000  Ag    
   0.50000000000000   0.50000000000000  -0.00000000000000  Ag    
   0.50000000000000   0.00000000000000   0.00000000000000  Ag    
   0.50000000000000   0.50000000000000   0.50000000000000  Ag    
   0.00000000000000   0.50000000000000   0.50000000000000  Ag    
   0.50000000000000  -0.00000000000000   0.50000000000000  Ag    
   0.66667597124608   0.33335194249216   0.25000000000000  Hg    
   0.33332402875392   0.66664805750784   0.75000000000000  Hg    
   0.04771025828107   0.65121269363177   0.15840933568826  O     
   0.34879866453011   0.39654576555614   0.15841640834165  O     
   0.60353010447537   0.95233116063025   0.15839829815676  O     
   0.60350243535070   0.65121269363177   0.34159066431174  O     
   0.04774710102603   0.39654576555614   0.34158359165835  O     
   0.34880105615488   0.95233116063025   0.34160170184324  O     
   0.95228974171893   0.34878730636823   0.84159066431174  O     
   0.65120133546989   0.60345423444386   0.84158359165835  O     
   0.39646989552463   0.04766883936975   0.84160170184324  O     
   0.39649756464930   0.34878730636823   0.65840933568826  O     
   0.95225289897397   0.60345423444386   0.65841640834165  O     
   0.65119894384512   0.04766883936975   0.65839829815676  O     
   0.33325306920776   0.66650613841551   0.25000000000000  Sb    
   0.66674693079224   0.33349386158449   0.75000000000000  Sb    

