-1.350000000000000000e+02 -2.160000000000000000e+02 -1.440000000000000000e+02 -7.200000000000000000e+02 -6.300000000000000000e+02 -1.350000000000000000e+02 -2.610000000000000000e+02 -5.580000000000000000e+02 -2.160000000000000000e+02 -1.008000000000000000e+03 -6.930000000000000000e+02 -1.170000000000000000e+02 -5.850000000000000000e+02
-1.350000000000000000e+02 -1.980000000000000000e+02 -1.350000000000000000e+02 -6.660000000000000000e+02 -5.580000000000000000e+02 -1.350000000000000000e+02 -2.430000000000000000e+02 -5.310000000000000000e+02 -1.800000000000000000e+02 -8.910000000000000000e+02 -6.300000000000000000e+02 -1.080000000000000000e+02 -5.400000000000000000e+02
-6.300000000000000000e+01 -2.520000000000000000e+02 -5.400000000000000000e+01 -8.370000000000000000e+02 -6.930000000000000000e+02 -4.500000000000000000e+01 -8.100000000000000000e+01 -6.660000000000000000e+02 -2.340000000000000000e+02 -1.107000000000000000e+03 -7.830000000000000000e+02 -2.700000000000000000e+01 -6.570000000000000000e+02
-1.350000000000000000e+02 -2.340000000000000000e+02 -1.350000000000000000e+02 -7.920000000000000000e+02 -6.480000000000000000e+02 -1.350000000000000000e+02 -2.430000000000000000e+02 -6.210000000000000000e+02 -1.980000000000000000e+02 -1.017000000000000000e+03 -6.840000000000000000e+02 -1.080000000000000000e+02 -5.760000000000000000e+02
-1.080000000000000000e+02 -2.880000000000000000e+02 -7.200000000000000000e+01 -1.026000000000000000e+03 -8.640000000000000000e+02 -1.080000000000000000e+02 -1.440000000000000000e+02 -8.100000000000000000e+02 -1.440000000000000000e+02 -1.368000000000000000e+03 -5.940000000000000000e+02 -7.200000000000000000e+01 -4.860000000000000000e+02
-9.900000000000000000e+01 -2.610000000000000000e+02 -1.260000000000000000e+02 -8.730000000000000000e+02 -7.290000000000000000e+02 -6.300000000000000000e+01 -1.530000000000000000e+02 -6.840000000000000000e+02 -2.250000000000000000e+02 -1.143000000000000000e+03 -7.470000000000000000e+02 -4.500000000000000000e+01 -6.210000000000000000e+02
-1.350000000000000000e+02 -2.700000000000000000e+02 -1.350000000000000000e+02 -9.720000000000000000e+02 -7.740000000000000000e+02 -1.350000000000000000e+02 -2.430000000000000000e+02 -7.650000000000000000e+02 -1.620000000000000000e+02 -1.197000000000000000e+03 -5.580000000000000000e+02 -1.080000000000000000e+02 -4.410000000000000000e+02
-1.350000000000000000e+02 -2.160000000000000000e+02 -1.440000000000000000e+02 -8.100000000000000000e+02 -7.110000000000000000e+02 -1.350000000000000000e+02 -2.610000000000000000e+02 -6.660000000000000000e+02 -2.160000000000000000e+02 -1.152000000000000000e+03 -7.830000000000000000e+02 -1.170000000000000000e+02 -6.840000000000000000e+02
-8.100000000000000000e+01 -2.430000000000000000e+02 -9.900000000000000000e+01 -8.100000000000000000e+02 -6.750000000000000000e+02 -8.100000000000000000e+01 -1.710000000000000000e+02 -6.480000000000000000e+02 -2.430000000000000000e+02 -1.080000000000000000e+03 -7.830000000000000000e+02 -7.200000000000000000e+01 -6.300000000000000000e+02
-1.080000000000000000e+02 -2.790000000000000000e+02 -8.100000000000000000e+01 -9.720000000000000000e+02 -8.190000000000000000e+02 -1.080000000000000000e+02 -1.620000000000000000e+02 -7.740000000000000000e+02 -1.530000000000000000e+02 -1.278000000000000000e+03 -5.220000000000000000e+02 -8.100000000000000000e+01 -4.230000000000000000e+02
-1.080000000000000000e+02 -2.160000000000000000e+02 -8.100000000000000000e+01 -7.470000000000000000e+02 -6.210000000000000000e+02 -1.080000000000000000e+02 -1.620000000000000000e+02 -6.030000000000000000e+02 -2.160000000000000000e+02 -9.720000000000000000e+02 -7.470000000000000000e+02 -8.100000000000000000e+01 -6.480000000000000000e+02
-1.350000000000000000e+02 -2.880000000000000000e+02 -1.800000000000000000e+02 -9.720000000000000000e+02 -8.100000000000000000e+02 -1.350000000000000000e+02 -3.330000000000000000e+02 -7.650000000000000000e+02 -1.980000000000000000e+02 -1.269000000000000000e+03 -6.120000000000000000e+02 -1.530000000000000000e+02 -4.680000000000000000e+02
-8.100000000000000000e+01 -2.160000000000000000e+02 -1.350000000000000000e+02 -7.380000000000000000e+02 -6.300000000000000000e+02 -8.100000000000000000e+01 -2.430000000000000000e+02 -5.580000000000000000e+02 -1.080000000000000000e+02 -9.540000000000000000e+02 -3.690000000000000000e+02 -1.080000000000000000e+02 -3.150000000000000000e+02
-1.080000000000000000e+02 -1.890000000000000000e+02 -7.200000000000000000e+01 -6.480000000000000000e+02 -5.670000000000000000e+02 -1.080000000000000000e+02 -1.080000000000000000e+02 -4.860000000000000000e+02 -1.890000000000000000e+02 -8.640000000000000000e+02 -6.480000000000000000e+02 -3.600000000000000000e+01 -5.670000000000000000e+02
-1.080000000000000000e+02 -2.520000000000000000e+02 -9.000000000000000000e+01 -7.380000000000000000e+02 -6.210000000000000000e+02 -1.080000000000000000e+02 -1.800000000000000000e+02 -5.760000000000000000e+02 -2.340000000000000000e+02 -9.720000000000000000e+02 -7.200000000000000000e+02 -9.000000000000000000e+01 -5.940000000000000000e+02
-1.080000000000000000e+02 -2.160000000000000000e+02 -1.170000000000000000e+02 -7.200000000000000000e+02 -5.940000000000000000e+02 -1.080000000000000000e+02 -2.160000000000000000e+02 -5.760000000000000000e+02 -1.080000000000000000e+02 -9.360000000000000000e+02 -3.600000000000000000e+02 -9.900000000000000000e+01 -2.970000000000000000e+02
-8.100000000000000000e+01 -2.430000000000000000e+02 -1.350000000000000000e+02 -8.100000000000000000e+02 -6.750000000000000000e+02 -8.100000000000000000e+01 -2.430000000000000000e+02 -6.480000000000000000e+02 -2.430000000000000000e+02 -1.080000000000000000e+03 -8.370000000000000000e+02 -1.080000000000000000e+02 -7.200000000000000000e+02
-8.100000000000000000e+01 -3.060000000000000000e+02 -9.900000000000000000e+01 -1.035000000000000000e+03 -8.730000000000000000e+02 -8.100000000000000000e+01 -1.710000000000000000e+02 -8.280000000000000000e+02 -1.800000000000000000e+02 -1.395000000000000000e+03 -5.850000000000000000e+02 -7.200000000000000000e+01 -4.770000000000000000e+02
-1.080000000000000000e+02 -2.790000000000000000e+02 -1.440000000000000000e+02 -9.360000000000000000e+02 -7.830000000000000000e+02 -1.080000000000000000e+02 -2.340000000000000000e+02 -7.380000000000000000e+02 -2.070000000000000000e+02 -1.233000000000000000e+03 -6.840000000000000000e+02 -9.000000000000000000e+01 -5.670000000000000000e+02
-5.400000000000000000e+01 -2.520000000000000000e+02 -4.500000000000000000e+01 -8.280000000000000000e+02 -6.840000000000000000e+02 -5.400000000000000000e+01 -9.000000000000000000e+01 -6.660000000000000000e+02 -2.340000000000000000e+02 -1.098000000000000000e+03 -7.920000000000000000e+02 -4.500000000000000000e+01 -6.660000000000000000e+02
-1.350000000000000000e+02 -1.620000000000000000e+02 -1.080000000000000000e+02 -5.580000000000000000e+02 -4.680000000000000000e+02 -1.350000000000000000e+02 -1.710000000000000000e+02 -4.230000000000000000e+02 -1.620000000000000000e+02 -7.020000000000000000e+02 -5.580000000000000000e+02 -6.300000000000000000e+01 -4.680000000000000000e+02
-6.300000000000000000e+01 -2.160000000000000000e+02 -5.400000000000000000e+01 -7.200000000000000000e+02 -6.030000000000000000e+02 -4.500000000000000000e+01 -8.100000000000000000e+01 -5.850000000000000000e+02 -2.160000000000000000e+02 -9.720000000000000000e+02 -7.200000000000000000e+02 -2.700000000000000000e+01 -6.030000000000000000e+02
-1.080000000000000000e+02 -2.430000000000000000e+02 -1.350000000000000000e+02 -8.100000000000000000e+02 -6.750000000000000000e+02 -1.080000000000000000e+02 -2.520000000000000000e+02 -6.480000000000000000e+02 -2.430000000000000000e+02 -1.080000000000000000e+03 -8.460000000000000000e+02 -1.170000000000000000e+02 -7.380000000000000000e+02
-1.080000000000000000e+02 -2.430000000000000000e+02 -1.080000000000000000e+02 -8.100000000000000000e+02 -6.750000000000000000e+02 -1.080000000000000000e+02 -1.980000000000000000e+02 -6.480000000000000000e+02 -2.430000000000000000e+02 -1.080000000000000000e+03 -8.100000000000000000e+02 -7.200000000000000000e+01 -6.750000000000000000e+02
-8.100000000000000000e+01 -2.610000000000000000e+02 -9.900000000000000000e+01 -8.550000000000000000e+02 -7.020000000000000000e+02 -8.100000000000000000e+01 -1.710000000000000000e+02 -6.840000000000000000e+02 -2.250000000000000000e+02 -1.125000000000000000e+03 -7.650000000000000000e+02 -7.200000000000000000e+01 -6.480000000000000000e+02
-8.100000000000000000e+01 -3.060000000000000000e+02 -9.000000000000000000e+01 -1.017000000000000000e+03 -8.460000000000000000e+02 -8.100000000000000000e+01 -1.530000000000000000e+02 -8.100000000000000000e+02 -1.800000000000000000e+02 -1.350000000000000000e+03 -6.030000000000000000e+02 -6.300000000000000000e+01 -5.040000000000000000e+02
-8.100000000000000000e+01 -1.890000000000000000e+02 -9.900000000000000000e+01 -6.480000000000000000e+02 -5.490000000000000000e+02 -8.100000000000000000e+01 -1.710000000000000000e+02 -5.130000000000000000e+02 -1.890000000000000000e+02 -8.640000000000000000e+02 -6.480000000000000000e+02 -7.200000000000000000e+01 -5.490000000000000000e+02
-1.350000000000000000e+02 -2.610000000000000000e+02 -1.710000000000000000e+02 -8.370000000000000000e+02 -6.660000000000000000e+02 -1.350000000000000000e+02 -3.150000000000000000e+02 -6.660000000000000000e+02 -2.250000000000000000e+02 -1.053000000000000000e+03 -7.110000000000000000e+02 -1.440000000000000000e+02 -5.760000000000000000e+02
-1.080000000000000000e+02 -1.620000000000000000e+02 -1.170000000000000000e+02 -5.220000000000000000e+02 -4.140000000000000000e+02 -1.080000000000000000e+02 -2.160000000000000000e+02 -4.140000000000000000e+02 -1.620000000000000000e+02 -6.480000000000000000e+02 -5.220000000000000000e+02 -9.900000000000000000e+01 -4.140000000000000000e+02
-1.350000000000000000e+02 -2.970000000000000000e+02 -1.350000000000000000e+02 -9.900000000000000000e+02 -8.370000000000000000e+02 -1.350000000000000000e+02 -2.430000000000000000e+02 -7.830000000000000000e+02 -1.890000000000000000e+02 -1.323000000000000000e+03 -5.940000000000000000e+02 -1.080000000000000000e+02 -4.770000000000000000e+02
-8.100000000000000000e+01 -2.700000000000000000e+02 -1.350000000000000000e+02 -9.090000000000000000e+02 -7.650000000000000000e+02 -8.100000000000000000e+01 -2.430000000000000000e+02 -7.380000000000000000e+02 -2.160000000000000000e+02 -1.242000000000000000e+03 -7.110000000000000000e+02 -1.080000000000000000e+02 -5.850000000000000000e+02
-1.080000000000000000e+02 -2.790000000000000000e+02 -7.200000000000000000e+01 -9.450000000000000000e+02 -8.100000000000000000e+02 -1.080000000000000000e+02 -1.440000000000000000e+02 -7.290000000000000000e+02 -1.530000000000000000e+02 -1.296000000000000000e+03 -5.130000000000000000e+02 -7.200000000000000000e+01 -4.320000000000000000e+02
-8.100000000000000000e+01 -2.610000000000000000e+02 -9.000000000000000000e+01 -8.730000000000000000e+02 -7.290000000000000000e+02 -8.100000000000000000e+01 -1.530000000000000000e+02 -7.020000000000000000e+02 -2.250000000000000000e+02 -1.170000000000000000e+03 -7.470000000000000000e+02 -6.300000000000000000e+01 -6.210000000000000000e+02
-8.100000000000000000e+01 -3.060000000000000000e+02 -9.900000000000000000e+01 -1.008000000000000000e+03 -8.280000000000000000e+02 -8.100000000000000000e+01 -1.710000000000000000e+02 -8.010000000000000000e+02 -1.800000000000000000e+02 -1.314000000000000000e+03 -6.120000000000000000e+02 -7.200000000000000000e+01 -5.220000000000000000e+02
-8.100000000000000000e+01 -1.620000000000000000e+02 -1.350000000000000000e+02 -5.400000000000000000e+02 -4.500000000000000000e+02 -8.100000000000000000e+01 -2.430000000000000000e+02 -4.050000000000000000e+02 -1.620000000000000000e+02 -6.750000000000000000e+02 -5.400000000000000000e+02 -1.080000000000000000e+02 -4.500000000000000000e+02
-1.350000000000000000e+02 -2.340000000000000000e+02 -1.260000000000000000e+02 -7.830000000000000000e+02 -6.750000000000000000e+02 -1.350000000000000000e+02 -2.250000000000000000e+02 -6.120000000000000000e+02 -1.980000000000000000e+02 -1.071000000000000000e+03 -6.750000000000000000e+02 -9.900000000000000000e+01 -6.030000000000000000e+02
-1.350000000000000000e+02 -2.160000000000000000e+02 -1.800000000000000000e+02 -7.740000000000000000e+02 -6.840000000000000000e+02 -1.350000000000000000e+02 -3.330000000000000000e+02 -6.120000000000000000e+02 -2.160000000000000000e+02 -1.098000000000000000e+03 -7.290000000000000000e+02 -1.530000000000000000e+02 -6.210000000000000000e+02
-8.100000000000000000e+01 -2.430000000000000000e+02 -1.350000000000000000e+02 -8.100000000000000000e+02 -6.750000000000000000e+02 -8.100000000000000000e+01 -2.430000000000000000e+02 -6.480000000000000000e+02 -2.430000000000000000e+02 -1.080000000000000000e+03 -7.830000000000000000e+02 -1.080000000000000000e+02 -6.300000000000000000e+02
-8.100000000000000000e+01 -1.890000000000000000e+02 -9.900000000000000000e+01 -6.210000000000000000e+02 -5.040000000000000000e+02 -8.100000000000000000e+01 -1.710000000000000000e+02 -4.860000000000000000e+02 -1.890000000000000000e+02 -7.830000000000000000e+02 -6.210000000000000000e+02 -7.200000000000000000e+01 -5.040000000000000000e+02
-1.080000000000000000e+02 -2.790000000000000000e+02 -1.350000000000000000e+02 -9.180000000000000000e+02 -7.560000000000000000e+02 -1.080000000000000000e+02 -2.340000000000000000e+02 -7.380000000000000000e+02 -2.070000000000000000e+02 -1.215000000000000000e+03 -7.020000000000000000e+02 -9.900000000000000000e+01 -5.940000000000000000e+02
-1.080000000000000000e+02 -2.160000000000000000e+02 -9.000000000000000000e+01 -7.380000000000000000e+02 -6.390000000000000000e+02 -1.080000000000000000e+02 -1.800000000000000000e+02 -5.760000000000000000e+02 -2.160000000000000000e+02 -1.008000000000000000e+03 -7.560000000000000000e+02 -9.000000000000000000e+01 -6.480000000000000000e+02
-5.400000000000000000e+01 -3.150000000000000000e+02 -3.600000000000000000e+01 -1.053000000000000000e+03 -8.820000000000000000e+02 -5.400000000000000000e+01 -7.200000000000000000e+01 -8.370000000000000000e+02 -1.710000000000000000e+02 -1.404000000000000000e+03 -5.670000000000000000e+02 -3.600000000000000000e+01 -4.680000000000000000e+02
-5.400000000000000000e+01 -3.150000000000000000e+02 -4.500000000000000000e+01 -1.062000000000000000e+03 -8.910000000000000000e+02 -5.400000000000000000e+01 -9.000000000000000000e+01 -8.460000000000000000e+02 -1.710000000000000000e+02 -1.422000000000000000e+03 -5.580000000000000000e+02 -4.500000000000000000e+01 -4.590000000000000000e+02
-1.350000000000000000e+02 -2.700000000000000000e+02 -1.800000000000000000e+02 -9.270000000000000000e+02 -8.010000000000000000e+02 -1.350000000000000000e+02 -3.330000000000000000e+02 -7.200000000000000000e+02 -1.620000000000000000e+02 -1.260000000000000000e+03 -6.030000000000000000e+02 -1.530000000000000000e+02 -5.490000000000000000e+02
-6.300000000000000000e+01 -3.150000000000000000e+02 -5.400000000000000000e+01 -1.053000000000000000e+03 -8.820000000000000000e+02 -4.500000000000000000e+01 -8.100000000000000000e+01 -8.460000000000000000e+02 -1.710000000000000000e+02 -1.413000000000000000e+03 -5.670000000000000000e+02 -2.700000000000000000e+01 -4.680000000000000000e+02
-1.080000000000000000e+02 -2.430000000000000000e+02 -7.200000000000000000e+01 -8.100000000000000000e+02 -6.750000000000000000e+02 -1.080000000000000000e+02 -1.080000000000000000e+02 -6.480000000000000000e+02 -2.430000000000000000e+02 -1.080000000000000000e+03 -8.100000000000000000e+02 -3.600000000000000000e+01 -6.750000000000000000e+02
-5.400000000000000000e+01 -2.430000000000000000e+02 -4.500000000000000000e+01 -8.100000000000000000e+02 -6.750000000000000000e+02 -5.400000000000000000e+01 -9.000000000000000000e+01 -6.480000000000000000e+02 -2.430000000000000000e+02 -1.080000000000000000e+03 -8.280000000000000000e+02 -4.500000000000000000e+01 -7.020000000000000000e+02
-1.080000000000000000e+02 -2.790000000000000000e+02 -1.530000000000000000e+02 -9.540000000000000000e+02 -8.190000000000000000e+02 -1.080000000000000000e+02 -2.520000000000000000e+02 -7.560000000000000000e+02 -2.070000000000000000e+02 -1.296000000000000000e+03 -6.660000000000000000e+02 -9.900000000000000000e+01 -5.310000000000000000e+02
-1.170000000000000000e+02 -1.620000000000000000e+02 -1.260000000000000000e+02 -5.310000000000000000e+02 -4.410000000000000000e+02 -9.900000000000000000e+01 -1.890000000000000000e+02 -4.500000000000000000e+02 -1.620000000000000000e+02 -7.560000000000000000e+02 -5.310000000000000000e+02 -8.100000000000000000e+01 -4.410000000000000000e+02
-5.400000000000000000e+01 -2.430000000000000000e+02 -4.500000000000000000e+01 -8.100000000000000000e+02 -6.750000000000000000e+02 -5.400000000000000000e+01 -9.000000000000000000e+01 -6.480000000000000000e+02 -2.430000000000000000e+02 -1.080000000000000000e+03 -7.920000000000000000e+02 -4.500000000000000000e+01 -6.480000000000000000e+02
-1.080000000000000000e+02 -2.250000000000000000e+02 -8.100000000000000000e+01 -7.650000000000000000e+02 -6.300000000000000000e+02 -1.080000000000000000e+02 -1.620000000000000000e+02 -6.030000000000000000e+02 -2.070000000000000000e+02 -9.900000000000000000e+02 -7.290000000000000000e+02 -8.100000000000000000e+01 -6.120000000000000000e+02
-5.400000000000000000e+01 -2.160000000000000000e+02 -3.600000000000000000e+01 -7.290000000000000000e+02 -6.210000000000000000e+02 -5.400000000000000000e+01 -7.200000000000000000e+01 -5.670000000000000000e+02 -2.160000000000000000e+02 -9.720000000000000000e+02 -7.290000000000000000e+02 -3.600000000000000000e+01 -6.210000000000000000e+02
-9.000000000000000000e+01 -2.610000000000000000e+02 -8.100000000000000000e+01 -8.550000000000000000e+02 -7.020000000000000000e+02 -7.200000000000000000e+01 -1.620000000000000000e+02 -6.930000000000000000e+02 -2.250000000000000000e+02 -1.134000000000000000e+03 -7.650000000000000000e+02 -8.100000000000000000e+01 -6.480000000000000000e+02
-1.350000000000000000e+02 -2.520000000000000000e+02 -1.440000000000000000e+02 -7.560000000000000000e+02 -5.940000000000000000e+02 -1.350000000000000000e+02 -2.610000000000000000e+02 -5.760000000000000000e+02 -2.340000000000000000e+02 -9.180000000000000000e+02 -7.650000000000000000e+02 -1.170000000000000000e+02 -6.390000000000000000e+02
-1.350000000000000000e+02 -1.980000000000000000e+02 -1.350000000000000000e+02 -6.660000000000000000e+02 -5.400000000000000000e+02 -1.350000000000000000e+02 -2.430000000000000000e+02 -5.310000000000000000e+02 -1.800000000000000000e+02 -8.370000000000000000e+02 -6.120000000000000000e+02 -1.080000000000000000e+02 -5.040000000000000000e+02
-9.000000000000000000e+01 -2.430000000000000000e+02 -8.100000000000000000e+01 -8.100000000000000000e+02 -6.750000000000000000e+02 -7.200000000000000000e+01 -1.620000000000000000e+02 -6.480000000000000000e+02 -2.430000000000000000e+02 -1.080000000000000000e+03 -7.920000000000000000e+02 -8.100000000000000000e+01 -6.480000000000000000e+02
-9.000000000000000000e+01 -1.890000000000000000e+02 -8.100000000000000000e+01 -6.390000000000000000e+02 -5.400000000000000000e+02 -7.200000000000000000e+01 -1.620000000000000000e+02 -4.770000000000000000e+02 -1.890000000000000000e+02 -8.100000000000000000e+02 -6.390000000000000000e+02 -8.100000000000000000e+01 -5.400000000000000000e+02
